frame-119.jpg 2 186 0 282 107
frame-120.jpg 3 186 0 282 107
frame-121.jpg 4 186 0 282 107
frame-122.jpg 5 186 0 282 107
frame-123.jpg 6 182 0 274 126
frame-124.jpg 7 182 0 274 127
frame-125.jpg 8 182 0 274 136
frame-126.jpg 9 182 0 274 138
frame-127.jpg 10 182 0 274 138
frame-128.jpg 11 184 0 274 138
frame-129.jpg 12 190 0 274 138
frame-130.jpg 13 191 0 274 138
frame-131.jpg 14 194 0 274 140
frame-132.jpg 15 199 0 274 141
frame-133.jpg 16 199 0 274 141
frame-134.jpg 17 199 0 274 141
frame-235.jpg 18 227 2 313 279
frame-236.jpg 19 227 2 313 279
frame-237.jpg 20 227 2 313 279
frame-238.jpg 21 225 6 313 279
frame-239.jpg 22 240 14 313 279
frame-240.jpg 23 241 9 313 279
frame-241.jpg 24 241 5 313 279
frame-242.jpg 25 241 5 313 279
frame-243.jpg 26 241 5 313 279
frame-244.jpg 27 241 9 313 279
frame-245.jpg 28 241 16 313 279
frame-246.jpg 29 241 16 313 279
frame-247.jpg 30 241 16 313 279
frame-248.jpg 31 241 15 313 279
frame-249.jpg 32 241 15 313 279
frame-250.jpg 33 241 15 313 279
frame-351.jpg 34 206 0 322 307
frame-352.jpg 35 206 0 322 307
frame-353.jpg 36 206 0 322 307
frame-354.jpg 37 206 0 322 307
frame-355.jpg 38 206 0 322 307
frame-356.jpg 39 206 0 322 307
frame-457.jpg 40 248 135 380 344
frame-458.jpg 41 248 135 380 344
frame-459.jpg 42 248 135 380 344
frame-460.jpg 43 244 152 380 327
frame-461.jpg 44 244 152 380 327
frame-462.jpg 45 244 168 380 311
frame-463.jpg 46 244 172 380 307
frame-464.jpg 47 246 174 380 305
frame-465.jpg 48 258 174 380 305
frame-466.jpg 49 259 174 380 305
frame-467.jpg 50 256 174 380 305
frame-468.jpg 51 244 160 380 319
frame-469.jpg 52 243 154 380 325
frame-470.jpg 53 240 154 380 325
frame-471.jpg 54 226 152 380 327
frame-472.jpg 55 216 145 380 334
frame-473.jpg 56 201 132 380 344
frame-474.jpg 57 191 119 380 344
frame-575.jpg 58 134 0 433 174
frame-576.jpg 59 134 0 433 174
frame-577.jpg 60 134 0 425 167
frame-578.jpg 61 134 0 423 165
frame-579.jpg 62 134 0 408 165
frame-580.jpg 63 134 0 391 163
frame-581.jpg 64 134 0 385 162
frame-582.jpg 65 134 0 391 173
frame-583.jpg 66 134 0 398 174
frame-584.jpg 67 134 0 398 174
frame-585.jpg 68 134 0 398 174
frame-586.jpg 69 134 0 398 174
frame-587.jpg 70 134 0 398 174
frame-588.jpg 71 134 0 398 185
frame-589.jpg 72 134 0 398 189
frame-590.jpg 73 134 0 401 189
frame-591.jpg 74 73 0 462 207
frame-592.jpg 75 73 0 462 207
frame-593.jpg 76 73 0 462 207
frame-594.jpg 77 73 0 462 207
frame-595.jpg 78 73 0 462 207
frame-596.jpg 79 73 0 462 207
frame-597.jpg 80 73 0 462 207
frame-598.jpg 81 73 0 462 207
frame-599.jpg 82 75 0 462 206
frame-600.jpg 83 72 0 462 203
frame-601.jpg 84 74 0 462 206
frame-602.jpg 85 78 0 462 207
frame-603.jpg 86 85 0 462 210
frame-1004.jpg 87 172 0 257 238
frame-1005.jpg 88 172 0 257 238
frame-1006.jpg 89 172 0 257 238
frame-1007.jpg 90 172 0 257 238
frame-1008.jpg 91 172 0 257 238
frame-1009.jpg 92 172 0 251 225
frame-1010.jpg 93 172 0 275 238
frame-1011.jpg 94 172 0 281 238
frame-1012.jpg 95 172 0 283 238
frame-1013.jpg 96 172 0 283 251
frame-1014.jpg 97 172 0 283 256
frame-1015.jpg 98 172 0 285 256
frame-1016.jpg 99 172 0 285 258
frame-1017.jpg 100 172 0 285 264
frame-1018.jpg 101 172 0 285 280
frame-1019.jpg 102 172 0 285 280
frame-1020.jpg 103 172 0 285 280
frame-1021.jpg 104 171 0 287 284
frame-1022.jpg 105 172 1 287 285
frame-1023.jpg 106 172 16 287 285
frame-1024.jpg 107 165 11 287 285
frame-1025.jpg 108 165 9 287 285
frame-1026.jpg 109 158 10 287 285
frame-1027.jpg 110 157 26 287 285
frame-1028.jpg 111 147 33 287 285
frame-1029.jpg 112 131 34 287 285
frame-1030.jpg 113 131 40 287 285
frame-1031.jpg 114 129 45 287 285
frame-1032.jpg 115 127 50 287 285
frame-1033.jpg 116 127 51 287 285
frame-1034.jpg 117 127 51 287 285
frame-1035.jpg 118 127 51 287 285
frame-1136.jpg 119 302 61 287 285
frame-1137.jpg 120 302 61 287 285
frame-1138.jpg 121 302 67 287 285
frame-1139.jpg 122 304 70 287 285
frame-1140.jpg 123 308 72 287 285
frame-1141.jpg 124 308 81 287 285
frame-1142.jpg 125 308 89 287 285
frame-1143.jpg 126 309 94 287 285
frame-1144.jpg 127 309 97 287 285
frame-1145.jpg 128 309 106 287 285
frame-1146.jpg 129 309 121 287 285
frame-1147.jpg 130 309 140 287 285
frame-1148.jpg 131 294 155 287 285
frame-1149.jpg 132 289 154 287 285
frame-1150.jpg 133 289 154 287 285
frame-1151.jpg 134 289 154 287 285
frame-1252.jpg 135 427 203 212 259
frame-1253.jpg 136 427 203 212 259
